-1 -1 3 2 -1 -1   0 0 1 1 0 0 
-1 -1 2 -1 21 -1   0 0 0 0 0 0 
-1 0 -1 1 -1 -1   0 1 0 0 0 0 
6 0 -1 -1 -1 -1   1 1 0 0 0 0 
7 -1 -1 -1 -1 16   1 0 0 0 0 1 
9 -1 6 -1 -1 -1   0 0 0 0 0 0 
10 3 -1 5 -1 -1   1 1 0 0 0 0 
11 4 -1 -1 -1 -1   0 1 0 0 0 0 
-1 -1 -1 -1 20 19   0 0 0 0 1 1 
-1 5 10 -1 -1 -1   0 0 1 0 0 0 
14 6 11 9 -1 -1   1 1 1 1 0 0 
15 7 -1 10 -1 -1   1 0 0 1 0 0 
-1 -1 13 -1 -1 -1   0 0 1 0 0 0 
-1 -1 -1 12 21 -1   0 0 0 1 1 0 
-1 10 -1 -1 -1 -1   0 1 0 0 0 0 
-1 11 -1 -1 -1 -1   0 1 0 0 0 0 
17 -1 -1 -1 4 -1   1 0 0 0 1 0 
18 16 -1 -1 -1 -1   0 1 0 0 0 0 
17 -1 -1 19 -1 -1   0 0 0 1 0 0 
-1 -1 18 -1 8 -1   0 0 1 0 1 0 
-1 -1 -1 -1 -1 8   0 0 0 0 0 1 
-1 13 -1 -1 -1 1   0 0 0 0 0 0 
